
% Table created by stargazer v.5.2.2 by Marek Hlavac, Harvard University. E-mail: hlavac at fas.harvard.edu
% Date and time: Sun, Mar 21, 2021 - 23:06:57
\begin{table}[!htbp] \centering 
  \caption{Correlation Coefficients: GLOBE Practice Dimensions} 
  \label{} 
\begin{tabular}{@{\extracolsep{5pt}} cccccccccc} 
\\[-1.8ex]\hline 
\hline \\[-1.8ex] 
 & guaip & gfuop & gpdip & ginscolp & ghump & gpefp & gigrcolp & ggndp & gassp \\ 
\hline \\[-1.8ex] 
guaip & $1$ & $0.811$ & $$-$0.651$ & $0.430$ & $0.220$ & $0.576$ & $$-$0.644$ & $$-$0.298$ & $$-$0.141$ \\ 
gfuop & $0.811$ & $1$ & $$-$0.682$ & $0.487$ & $0.456$ & $0.682$ & $$-$0.588$ & $$-$0.284$ & $$-$0.083$ \\ 
gpdip & $$-$0.651$ & $$-$0.682$ & $1$ & $$-$0.513$ & $$-$0.343$ & $$-$0.393$ & $0.756$ & $$-$0.148$ & $0.112$ \\ 
ginscolp & $0.430$ & $0.487$ & $$-$0.513$ & $1$ & $0.701$ & $0.192$ & $$-$0.248$ & $0.065$ & $$-$0.748$ \\ 
ghump & $0.220$ & $0.456$ & $$-$0.343$ & $0.701$ & $1$ & $0.302$ & $0.107$ & $0.018$ & $$-$0.610$ \\ 
gpefp & $0.576$ & $0.682$ & $$-$0.393$ & $0.192$ & $0.302$ & $1$ & $$-$0.212$ & $$-$0.603$ & $0.225$ \\ 
gigrcolp & $$-$0.644$ & $$-$0.588$ & $0.756$ & $$-$0.248$ & $0.107$ & $$-$0.212$ & $1$ & $$-$0.154$ & $$-$0.099$ \\ 
ggndp & $$-$0.298$ & $$-$0.284$ & $$-$0.148$ & $0.065$ & $0.018$ & $$-$0.603$ & $$-$0.154$ & $1$ & $$-$0.168$ \\ 
gassp & $$-$0.141$ & $$-$0.083$ & $0.112$ & $$-$0.748$ & $$-$0.610$ & $0.225$ & $$-$0.099$ & $$-$0.168$ & $1$ \\ 
\hline \\[-1.8ex] 
\end{tabular} 
\end{table} 
