
% Table created by stargazer v.5.2.2 by Marek Hlavac, Harvard University. E-mail: hlavac at fas.harvard.edu
% Date and time: Sun, Mar 21, 2021 - 23:06:56
\begin{table}[!htbp] \centering 
  \caption{Correlation Coefficients: GLOBE Value Dimensions} 
  \label{} 
\begin{tabular}{@{\extracolsep{5pt}} cccccccccc} 
\\[-1.8ex]\hline 
\hline \\[-1.8ex] 
 & guaiv & gfuov & gpdiv & ginscolv & ghumv & gperv & gigrcolv & ggndv & gassv \\ 
\hline \\[-1.8ex] 
guaiv & $1$ & $0.506$ & $0.402$ & $0.273$ & $$-$0.275$ & $0.055$ & $0.206$ & $$-$0.653$ & $0.412$ \\ 
gfuov & $0.506$ & $1$ & $$-$0.142$ & $0.355$ & $$-$0.015$ & $0.370$ & $0.443$ & $$-$0.155$ & $0.224$ \\ 
gpdiv & $0.402$ & $$-$0.142$ & $1$ & $$-$0.093$ & $$-$0.346$ & $$-$0.313$ & $$-$0.063$ & $$-$0.500$ & $0.437$ \\ 
ginscolv & $0.273$ & $0.355$ & $$-$0.093$ & $1$ & $$-$0.264$ & $0.292$ & $$-$0.078$ & $$-$0.064$ & $$-$0.085$ \\ 
ghumv & $$-$0.275$ & $$-$0.015$ & $$-$0.346$ & $$-$0.264$ & $1$ & $0.024$ & $0.336$ & $0.084$ & $$-$0.214$ \\ 
gperv & $0.055$ & $0.370$ & $$-$0.313$ & $0.292$ & $0.024$ & $1$ & $0.431$ & $0.294$ & $0.013$ \\ 
gigrcolv & $0.206$ & $0.443$ & $$-$0.063$ & $$-$0.078$ & $0.336$ & $0.431$ & $1$ & $0.278$ & $$-$0.025$ \\ 
ggndv & $$-$0.653$ & $$-$0.155$ & $$-$0.500$ & $$-$0.064$ & $0.084$ & $0.294$ & $0.278$ & $1$ & $$-$0.386$ \\ 
gassv & $0.412$ & $0.224$ & $0.437$ & $$-$0.085$ & $$-$0.214$ & $0.013$ & $$-$0.025$ & $$-$0.386$ & $1$ \\ 
\hline \\[-1.8ex] 
\end{tabular} 
\end{table} 
