
% Table created by stargazer v.5.2.2 by Marek Hlavac, Harvard University. E-mail: hlavac at fas.harvard.edu
% Date and time: Sun, Mar 21, 2021 - 23:33:34
\begin{table}[!htbp] \centering 
  \caption{Correlation Coefficients: Key Variables} 
  \label{} 
\begin{tabular}{@{\extracolsep{5pt}} ccccccccc} 
\\[-1.8ex]\hline 
\hline \\[-1.8ex] 
 & agility & agility2 & agilitycj & agility2cj & outcome & outcome2 & outcomecj & outcome2cj \\ 
\hline \\[-1.8ex] 
agility & $1$ & $0.763$ & $0.933$ & $0.692$ & $0.450$ & $0.365$ & $0.428$ & $0.300$ \\ 
agility2 & $0.763$ & $1$ & $0.649$ & $0.867$ & $0.384$ & $0.442$ & $0.315$ & $0.325$ \\ 
agilitycj & $0.933$ & $0.649$ & $1$ & $0.743$ & $0.431$ & $0.309$ & $0.463$ & $0.327$ \\ 
agility2cj & $0.692$ & $0.867$ & $0.743$ & $1$ & $0.346$ & $0.348$ & $0.371$ & $0.377$ \\ 
outcome & $0.450$ & $0.384$ & $0.431$ & $0.346$ & $1$ & $0.448$ & $0.923$ & $0.414$ \\ 
outcome2 & $0.365$ & $0.442$ & $0.309$ & $0.348$ & $0.448$ & $1$ & $0.414$ & $0.931$ \\ 
outcomecj & $0.428$ & $0.315$ & $0.463$ & $0.371$ & $0.923$ & $0.414$ & $1$ & $0.444$ \\ 
outcome2cj & $0.300$ & $0.325$ & $0.327$ & $0.377$ & $0.414$ & $0.931$ & $0.444$ & $1$ \\ 
\hline \\[-1.8ex] 
\end{tabular} 
\end{table} 
