
% Table created by stargazer v.5.2.2 by Marek Hlavac, Harvard University. E-mail: hlavac at fas.harvard.edu
% Date and time: Thu, Apr 29, 2021 - 00:47:42
\begin{table}[!htbp] \centering 
  \caption{Correlation Coefficients: Sub-dimensions of Key Variables} 
  \label{} 
\begin{tabular}{@{\extracolsep{5pt}} ccccccc} 
\\[-1.8ex]\hline 
\hline \\[-1.8ex] 
 & agility2 & outcome2 & sensing2 & proactive2 & flexOutcome2 & speedOutcome2 \\ 
\hline \\[-1.8ex] 
agility2 & $1$ & $0.450$ & $0.921$ & $0.918$ & $0.376$ & $0.401$ \\ 
outcome2 & $0.450$ & $1$ & $0.388$ & $0.439$ & $0.865$ & $0.862$ \\ 
sensing2 & $0.921$ & $0.388$ & $1$ & $0.690$ & $0.333$ & $0.337$ \\ 
proactive2 & $0.918$ & $0.439$ & $0.690$ & $1$ & $0.358$ & $0.400$ \\ 
flexOutcome2 & $0.376$ & $0.865$ & $0.333$ & $0.358$ & $1$ & $0.490$ \\ 
speedOutcome2 & $0.401$ & $0.862$ & $0.337$ & $0.400$ & $0.490$ & $1$ \\ 
\hline \\[-1.8ex] 
\end{tabular} 
\end{table} 
