
% Table created by stargazer v.5.2.2 by Marek Hlavac, Harvard University. E-mail: hlavac at fas.harvard.edu
% Date and time: Fri, May 21, 2021 - 09:18:14
\begin{table}[!htbp] \centering 
  \caption{Correlation Coefficients on Level 1 (Firm Level) Variables} 
  \label{} 
\begin{tabular}{@{\extracolsep{5pt}} ccccccc} 
\\[-1.8ex]\hline 
\hline \\[-1.8ex] 
 & agility2 & outcome2 & strategy & competitive1 & network2x & firmsizecont \\ 
\hline \\[-1.8ex] 
agility2 & $1$ & $0.452$ & $0.321$ & $0.416$ & $0.065$ & $0.113$ \\ 
outcome2 & $0.452$ & $1$ & $0.293$ & $0.320$ & $0.022$ & $0.036$ \\ 
strategy & $0.321$ & $0.293$ & $1$ & $0.216$ & $0.049$ & $$-$0.036$ \\ 
competitive1 & $0.416$ & $0.320$ & $0.216$ & $1$ & $$-$0.029$ & $0.012$ \\ 
network2x & $0.065$ & $0.022$ & $0.049$ & $$-$0.029$ & $1$ & $0.135$ \\ 
firmsizecont & $0.113$ & $0.036$ & $$-$0.036$ & $0.012$ & $0.135$ & $1$ \\ 
\hline \\[-1.8ex] 
\end{tabular} 
\end{table} 
