
% Table created by stargazer v.5.2.2 by Marek Hlavac, Harvard University. E-mail: hlavac at fas.harvard.edu
% Date and time: Sun, Mar 21, 2021 - 23:30:40
\begin{table}[!htbp] \centering 
  \caption{Correlation Coefficients: Key Variables (Set1)} 
  \label{} 
\begin{tabular}{@{\extracolsep{5pt}} ccccccc} 
\\[-1.8ex]\hline 
\hline \\[-1.8ex] 
 & agility & outcome & sensing & proactive & flexOutcome & speedOutcome \\ 
\hline \\[-1.8ex] 
agility & $1$ & $0.450$ & $0.914$ & $0.892$ & $0.426$ & $0.376$ \\ 
outcome & $0.450$ & $1$ & $0.394$ & $0.430$ & $0.892$ & $0.890$ \\ 
sensing & $0.914$ & $0.394$ & $1$ & $0.636$ & $0.379$ & $0.323$ \\ 
proactive & $0.892$ & $0.430$ & $0.636$ & $1$ & $0.397$ & $0.368$ \\ 
flexOutcome & $0.426$ & $0.892$ & $0.379$ & $0.397$ & $1$ & $0.588$ \\ 
speedOutcome & $0.376$ & $0.890$ & $0.323$ & $0.368$ & $0.588$ & $1$ \\ 
\hline \\[-1.8ex] 
\end{tabular} 
\end{table} 
