
% Table created by stargazer v.5.2.2 by Marek Hlavac, Harvard University. E-mail: hlavac at fas.harvard.edu
% Date and time: Fri, May 21, 2021 - 09:18:17
\begin{table}[!htbp] \centering 
  \caption{Correlation Coefficients on Level 2 (Country Level) Variables} 
  \label{} 
\begin{tabular}{@{\extracolsep{5pt}} ccccccccccc} 
\\[-1.8ex]\hline 
\hline \\[-1.8ex] 
 & mfr2013 & guaiv & gfuov & gpdiv & ginscolv & ghumv & gperv & gigrcolv & ggndv & gassv \\ 
\hline \\[-1.8ex] 
mfr2013 & $1$ & $0.444$ & $$-$0.412$ & $0.739$ & $$-$0.095$ & $$-$0.300$ & $$-$0.241$ & $$-$0.458$ & $$-$0.617$ & $0.685$ \\ 
guaiv & $0.444$ & $1$ & $0.237$ & $0.507$ & $0.250$ & $$-$0.327$ & $$-$0.005$ & $$-$0.098$ & $$-$0.744$ & $0.512$ \\ 
gfuov & $$-$0.412$ & $0.237$ & $1$ & $$-$0.395$ & $0.336$ & $0.039$ & $0.406$ & $0.417$ & $0.170$ & $$-$0.034$ \\ 
gpdiv & $0.739$ & $0.507$ & $$-$0.395$ & $1$ & $$-$0.170$ & $$-$0.398$ & $$-$0.400$ & $$-$0.327$ & $$-$0.635$ & $0.616$ \\ 
ginscolv & $$-$0.095$ & $0.250$ & $0.336$ & $$-$0.170$ & $1$ & $$-$0.252$ & $0.433$ & $$-$0.043$ & $0.015$ & $$-$0.108$ \\ 
ghumv & $$-$0.300$ & $$-$0.327$ & $0.039$ & $$-$0.398$ & $$-$0.252$ & $1$ & $0.117$ & $0.522$ & $0.257$ & $$-$0.380$ \\ 
gperv & $$-$0.241$ & $$-$0.005$ & $0.406$ & $$-$0.400$ & $0.433$ & $0.117$ & $1$ & $0.448$ & $0.362$ & $$-$0.225$ \\ 
gigrcolv & $$-$0.458$ & $$-$0.098$ & $0.417$ & $$-$0.327$ & $$-$0.043$ & $0.522$ & $0.448$ & $1$ & $0.523$ & $$-$0.389$ \\ 
ggndv & $$-$0.617$ & $$-$0.744$ & $0.170$ & $$-$0.635$ & $0.015$ & $0.257$ & $0.362$ & $0.523$ & $1$ & $$-$0.577$ \\ 
gassv & $0.685$ & $0.512$ & $$-$0.034$ & $0.616$ & $$-$0.108$ & $$-$0.380$ & $$-$0.225$ & $$-$0.389$ & $$-$0.577$ & $1$ \\ 
\hline \\[-1.8ex] 
\end{tabular} 
\end{table} 
