
<table style="text-align:center"><caption><strong>Correlation Matrix for Key Variables</strong></caption>
<tr><td colspan="17" style="border-bottom: 1px solid black"></td></tr><tr><td style="text-align:left"></td><td>mfr2013ln</td><td>firmsize.adj</td><td>network2x</td><td>competitive1</td><td>strategy</td><td>gfuov</td><td>guaiv</td><td>gperv</td><td>gpdiv</td><td>gigrcolv</td><td>ginscolv</td><td>ghumv</td><td>ggndv</td><td>gassv</td><td>agility2</td><td>outcome2</td></tr>
<tr><td colspan="17" style="border-bottom: 1px solid black"></td></tr><tr><td style="text-align:left">mfr2013ln</td><td>1</td><td>0.20</td><td>-0.18</td><td>0.02</td><td>-0.03</td><td>-0.21</td><td>0.31</td><td>-0.33</td><td>0.69</td><td>-0.52</td><td>-0.03</td><td>-0.30</td><td>-0.49</td><td>0.76</td><td>0.04</td><td>-0.03</td></tr>
<tr><td style="text-align:left">firmsize.adj</td><td>0.20</td><td>1</td><td>0.28</td><td>0.12</td><td>-0.01</td><td>-0.10</td><td>0.08</td><td>-0.05</td><td>0.23</td><td>-0.09</td><td>0.10</td><td>-0.17</td><td>-0.09</td><td>0.13</td><td>0.23</td><td>0.08</td></tr>
<tr><td style="text-align:left">network2x</td><td>-0.18</td><td>0.28</td><td>1</td><td>-0.03</td><td>0.05</td><td>-0.10</td><td>-0.26</td><td>-0.02</td><td>-0.11</td><td>0.16</td><td>0.01</td><td>0.21</td><td>0.21</td><td>-0.23</td><td>0.06</td><td>0.02</td></tr>
<tr><td style="text-align:left">competitive1</td><td>0.02</td><td>0.12</td><td>-0.03</td><td>1</td><td>0.22</td><td>0.06</td><td>0.16</td><td>0.15</td><td>0.07</td><td>-0.10</td><td>0.12</td><td>-0.21</td><td>-0.11</td><td>0.10</td><td>0.42</td><td>0.32</td></tr>
<tr><td style="text-align:left">strategy</td><td>-0.03</td><td>-0.01</td><td>0.05</td><td>0.22</td><td>1</td><td>0.14</td><td>0.13</td><td>0.11</td><td>-0.01</td><td>0.06</td><td>0.09</td><td>-0.04</td><td>-0.03</td><td>0.03</td><td>0.32</td><td>0.29</td></tr>
<tr><td style="text-align:left">gfuov</td><td>-0.21</td><td>-0.10</td><td>-0.10</td><td>0.06</td><td>0.14</td><td>1</td><td>0.22</td><td>0.40</td><td>-0.38</td><td>0.39</td><td>0.31</td><td>-0.02</td><td>0.18</td><td>-0.03</td><td>0.12</td><td>0.05</td></tr>
<tr><td style="text-align:left">guaiv</td><td>0.31</td><td>0.08</td><td>-0.26</td><td>0.16</td><td>0.13</td><td>0.22</td><td>1</td><td>0.03</td><td>0.53</td><td>-0.12</td><td>0.27</td><td>-0.34</td><td>-0.74</td><td>0.48</td><td>0.29</td><td>0.12</td></tr>
<tr><td style="text-align:left">gperv</td><td>-0.33</td><td>-0.05</td><td>-0.02</td><td>0.15</td><td>0.11</td><td>0.40</td><td>0.03</td><td>1</td><td>-0.40</td><td>0.44</td><td>0.44</td><td>0.07</td><td>0.35</td><td>-0.21</td><td>0.15</td><td>0.11</td></tr>
<tr><td style="text-align:left">gpdiv</td><td>0.69</td><td>0.23</td><td>-0.11</td><td>0.07</td><td>-0.01</td><td>-0.38</td><td>0.53</td><td>-0.40</td><td>1</td><td>-0.33</td><td>-0.11</td><td>-0.38</td><td>-0.64</td><td>0.59</td><td>0.12</td><td>-0.01</td></tr>
<tr><td style="text-align:left">gigrcolv</td><td>-0.52</td><td>-0.09</td><td>0.16</td><td>-0.10</td><td>0.06</td><td>0.39</td><td>-0.12</td><td>0.44</td><td>-0.33</td><td>1</td><td>-0.05</td><td>0.51</td><td>0.52</td><td>-0.43</td><td>-0.09</td><td>-0.08</td></tr>
<tr><td style="text-align:left">ginscolv</td><td>-0.03</td><td>0.10</td><td>0.01</td><td>0.12</td><td>0.09</td><td>0.31</td><td>0.27</td><td>0.44</td><td>-0.11</td><td>-0.05</td><td>1</td><td>-0.32</td><td>-0.003</td><td>-0.10</td><td>0.16</td><td>0.11</td></tr>
<tr><td style="text-align:left">ghumv</td><td>-0.30</td><td>-0.17</td><td>0.21</td><td>-0.21</td><td>-0.04</td><td>-0.02</td><td>-0.34</td><td>0.07</td><td>-0.38</td><td>0.51</td><td>-0.32</td><td>1</td><td>0.22</td><td>-0.38</td><td>-0.28</td><td>-0.14</td></tr>
<tr><td style="text-align:left">ggndv</td><td>-0.49</td><td>-0.09</td><td>0.21</td><td>-0.11</td><td>-0.03</td><td>0.18</td><td>-0.74</td><td>0.35</td><td>-0.64</td><td>0.52</td><td>-0.003</td><td>0.22</td><td>1</td><td>-0.55</td><td>-0.18</td><td>-0.04</td></tr>
<tr><td style="text-align:left">gassv</td><td>0.76</td><td>0.13</td><td>-0.23</td><td>0.10</td><td>0.03</td><td>-0.03</td><td>0.48</td><td>-0.21</td><td>0.59</td><td>-0.43</td><td>-0.10</td><td>-0.38</td><td>-0.55</td><td>1</td><td>0.14</td><td>0.01</td></tr>
<tr><td style="text-align:left">agility2</td><td>0.04</td><td>0.23</td><td>0.06</td><td>0.42</td><td>0.32</td><td>0.12</td><td>0.29</td><td>0.15</td><td>0.12</td><td>-0.09</td><td>0.16</td><td>-0.28</td><td>-0.18</td><td>0.14</td><td>1</td><td>0.45</td></tr>
<tr><td style="text-align:left">outcome2</td><td>-0.03</td><td>0.08</td><td>0.02</td><td>0.32</td><td>0.29</td><td>0.05</td><td>0.12</td><td>0.11</td><td>-0.01</td><td>-0.08</td><td>0.11</td><td>-0.14</td><td>-0.04</td><td>0.01</td><td>0.45</td><td>1</td></tr>
<tr><td colspan="17" style="border-bottom: 1px solid black"></td></tr></table>
