
Correlation Matrix for Key Variables
================================================================================================================================================
             mfr2013 firmsizecont network2x competitive1 strategy gfuov guaiv gperv gpdiv gigrcolv ginscolv ghumv ggndv  gassv agility2 outcome2
------------------------------------------------------------------------------------------------------------------------------------------------
mfr2013         1        0.10       -0.16      -0.01      -0.06   -0.43 0.43  -0.25 0.73   -0.46    -0.09   -0.26 -0.61  0.67    0.02    -0.05  
firmsizecont  0.10        1         0.14        0.01      -0.04   -0.06 0.04  -0.04 0.13   -0.003    0.03   -0.01 -0.05  0.03    0.11     0.04  
network2x     -0.16      0.14         1        -0.03       0.05   -0.10 -0.26 -0.02 -0.11   0.16     0.01   0.21   0.21  -0.23   0.06     0.02  
competitive1  -0.01      0.01       -0.03        1         0.22   0.06  0.16  0.15  0.07   -0.10     0.12   -0.21 -0.11  0.10    0.42     0.32  
strategy      -0.06     -0.04       0.05        0.22        1     0.14  0.13  0.11  -0.01   0.06     0.09   -0.04 -0.03  0.03    0.32     0.29  
gfuov         -0.43     -0.06       -0.10       0.06       0.14     1   0.22  0.40  -0.38   0.39     0.31   -0.02  0.18  -0.03   0.12     0.05  
guaiv         0.43       0.04       -0.26       0.16       0.13   0.22    1   0.03  0.53   -0.12     0.27   -0.34 -0.74  0.48    0.29     0.12  
gperv         -0.25     -0.04       -0.02       0.15       0.11   0.40  0.03    1   -0.40   0.44     0.44   0.07   0.35  -0.21   0.15     0.11  
gpdiv         0.73       0.13       -0.11       0.07      -0.01   -0.38 0.53  -0.40   1    -0.33    -0.11   -0.38 -0.64  0.59    0.12    -0.01  
gigrcolv      -0.46     -0.003      0.16       -0.10       0.06   0.39  -0.12 0.44  -0.33    1      -0.05   0.51   0.52  -0.43  -0.09    -0.08  
ginscolv      -0.09      0.03       0.01        0.12       0.09   0.31  0.27  0.44  -0.11  -0.05      1     -0.32 -0.003 -0.10   0.16     0.11  
ghumv         -0.26     -0.01       0.21       -0.21      -0.04   -0.02 -0.34 0.07  -0.38   0.51    -0.32     1    0.22  -0.38  -0.28    -0.14  
ggndv         -0.61     -0.05       0.21       -0.11      -0.03   0.18  -0.74 0.35  -0.64   0.52    -0.003  0.22    1    -0.55  -0.18    -0.04  
gassv         0.67       0.03       -0.23       0.10       0.03   -0.03 0.48  -0.21 0.59   -0.43    -0.10   -0.38 -0.55    1     0.14     0.01  
agility2      0.02       0.11       0.06        0.42       0.32   0.12  0.29  0.15  0.12   -0.09     0.16   -0.28 -0.18  0.14     1       0.45  
outcome2      -0.05      0.04       0.02        0.32       0.29   0.05  0.12  0.11  -0.01  -0.08     0.11   -0.14 -0.04  0.01    0.45      1    
------------------------------------------------------------------------------------------------------------------------------------------------
