
% Table created by stargazer v.5.2.2 by Marek Hlavac, Harvard University. E-mail: hlavac at fas.harvard.edu
% Date and time: Mon, Jul 19, 2021 - 00:00:58
\begin{table}[!htbp] \centering 
  \caption{Correlation Matrix for Key Variables} 
  \label{} 
\begin{tabular}{@{\extracolsep{5pt}} ccccccccccccccccc} 
\\[-1.8ex]\hline 
\hline \\[-1.8ex] 
 & mfr2013 & firmsizecont & network2x & competitive1 & strategy & gfuov & guaiv & gperv & gpdiv & gigrcolv & ginscolv & ghumv & ggndv & gassv & agility2 & outcome2 \\ 
\hline \\[-1.8ex] 
mfr2013 & $1$ & $0.104$ & $$-$0.164$ & $$-$0.014$ & $$-$0.061$ & $$-$0.433$ & $0.431$ & $$-$0.248$ & $0.732$ & $$-$0.460$ & $$-$0.093$ & $$-$0.262$ & $$-$0.608$ & $0.671$ & $0.015$ & $$-$0.050$ \\ 
firmsizecont & $0.104$ & $1$ & $0.135$ & $0.012$ & $$-$0.036$ & $$-$0.063$ & $0.035$ & $$-$0.041$ & $0.132$ & $$-$0.003$ & $0.026$ & $$-$0.008$ & $$-$0.051$ & $0.035$ & $0.113$ & $0.036$ \\ 
network2x & $$-$0.164$ & $0.135$ & $1$ & $$-$0.029$ & $0.049$ & $$-$0.099$ & $$-$0.264$ & $$-$0.015$ & $$-$0.108$ & $0.158$ & $0.006$ & $0.215$ & $0.212$ & $$-$0.227$ & $0.065$ & $0.022$ \\ 
competitive1 & $$-$0.014$ & $0.012$ & $$-$0.029$ & $1$ & $0.216$ & $0.064$ & $0.165$ & $0.152$ & $0.069$ & $$-$0.099$ & $0.115$ & $$-$0.206$ & $$-$0.113$ & $0.098$ & $0.416$ & $0.320$ \\ 
strategy & $$-$0.061$ & $$-$0.036$ & $0.049$ & $0.216$ & $1$ & $0.138$ & $0.126$ & $0.106$ & $$-$0.009$ & $0.062$ & $0.085$ & $$-$0.045$ & $$-$0.028$ & $0.031$ & $0.321$ & $0.293$ \\ 
gfuov & $$-$0.433$ & $$-$0.063$ & $$-$0.099$ & $0.064$ & $0.138$ & $1$ & $0.220$ & $0.401$ & $$-$0.381$ & $0.387$ & $0.307$ & $$-$0.020$ & $0.176$ & $$-$0.027$ & $0.121$ & $0.048$ \\ 
guaiv & $0.431$ & $0.035$ & $$-$0.264$ & $0.165$ & $0.126$ & $0.220$ & $1$ & $0.029$ & $0.527$ & $$-$0.116$ & $0.275$ & $$-$0.340$ & $$-$0.740$ & $0.475$ & $0.294$ & $0.119$ \\ 
gperv & $$-$0.248$ & $$-$0.041$ & $$-$0.015$ & $0.152$ & $0.106$ & $0.401$ & $0.029$ & $1$ & $$-$0.399$ & $0.443$ & $0.441$ & $0.071$ & $0.351$ & $$-$0.209$ & $0.147$ & $0.113$ \\ 
gpdiv & $0.732$ & $0.132$ & $$-$0.108$ & $0.069$ & $$-$0.009$ & $$-$0.381$ & $0.527$ & $$-$0.399$ & $1$ & $$-$0.333$ & $$-$0.105$ & $$-$0.379$ & $$-$0.638$ & $0.590$ & $0.123$ & $$-$0.011$ \\ 
gigrcolv & $$-$0.460$ & $$-$0.003$ & $0.158$ & $$-$0.099$ & $0.062$ & $0.387$ & $$-$0.116$ & $0.443$ & $$-$0.333$ & $1$ & $$-$0.054$ & $0.509$ & $0.521$ & $$-$0.428$ & $$-$0.090$ & $$-$0.083$ \\ 
ginscolv & $$-$0.093$ & $0.026$ & $0.006$ & $0.115$ & $0.085$ & $0.307$ & $0.275$ & $0.441$ & $$-$0.105$ & $$-$0.054$ & $1$ & $$-$0.319$ & $$-$0.003$ & $$-$0.097$ & $0.162$ & $0.108$ \\ 
ghumv & $$-$0.262$ & $$-$0.008$ & $0.215$ & $$-$0.206$ & $$-$0.045$ & $$-$0.020$ & $$-$0.340$ & $0.071$ & $$-$0.379$ & $0.509$ & $$-$0.319$ & $1$ & $0.217$ & $$-$0.376$ & $$-$0.278$ & $$-$0.140$ \\ 
ggndv & $$-$0.608$ & $$-$0.051$ & $0.212$ & $$-$0.113$ & $$-$0.028$ & $0.176$ & $$-$0.740$ & $0.351$ & $$-$0.638$ & $0.521$ & $$-$0.003$ & $0.217$ & $1$ & $$-$0.545$ & $$-$0.175$ & $$-$0.037$ \\ 
gassv & $0.671$ & $0.035$ & $$-$0.227$ & $0.098$ & $0.031$ & $$-$0.027$ & $0.475$ & $$-$0.209$ & $0.590$ & $$-$0.428$ & $$-$0.097$ & $$-$0.376$ & $$-$0.545$ & $1$ & $0.137$ & $0.014$ \\ 
agility2 & $0.015$ & $0.113$ & $0.065$ & $0.416$ & $0.321$ & $0.121$ & $0.294$ & $0.147$ & $0.123$ & $$-$0.090$ & $0.162$ & $$-$0.278$ & $$-$0.175$ & $0.137$ & $1$ & $0.452$ \\ 
outcome2 & $$-$0.050$ & $0.036$ & $0.022$ & $0.320$ & $0.293$ & $0.048$ & $0.119$ & $0.113$ & $$-$0.011$ & $$-$0.083$ & $0.108$ & $$-$0.140$ & $$-$0.037$ & $0.014$ & $0.452$ & $1$ \\ 
\hline \\[-1.8ex] 
\end{tabular} 
\end{table} 
