
<table style="text-align:center"><caption><strong>Correlation Matrix for Key Variables</strong></caption>
<tr><td colspan="10" style="border-bottom: 1px solid black"></td></tr><tr><td style="text-align:left"></td><td>mfr2013ln</td><td>firmsize.adj</td><td>network2x</td><td>competitive1</td><td>strategy</td><td>pbc</td><td>ssc</td><td>agility2</td><td>outcome2</td></tr>
<tr><td colspan="10" style="border-bottom: 1px solid black"></td></tr><tr><td style="text-align:left">mfr2013ln</td><td>1</td><td>0.196</td><td>-0.175</td><td>0.018</td><td>-0.035</td><td>0.265</td><td>0.351</td><td>0.037</td><td>-0.028</td></tr>
<tr><td style="text-align:left">firmsize.adj</td><td>0.196</td><td>1</td><td>0.280</td><td>0.120</td><td>-0.010</td><td>0.126</td><td>0.129</td><td>0.229</td><td>0.078</td></tr>
<tr><td style="text-align:left">network2x</td><td>-0.175</td><td>0.280</td><td>1</td><td>-0.029</td><td>0.049</td><td>0.105</td><td>-0.140</td><td>0.065</td><td>0.022</td></tr>
<tr><td style="text-align:left">competitive1</td><td>0.018</td><td>0.120</td><td>-0.029</td><td>1</td><td>0.216</td><td>0.046</td><td>0.147</td><td>0.416</td><td>0.320</td></tr>
<tr><td style="text-align:left">strategy</td><td>-0.035</td><td>-0.010</td><td>0.049</td><td>0.216</td><td>1</td><td>-0.103</td><td>0.026</td><td>0.321</td><td>0.293</td></tr>
<tr><td style="text-align:left">pbc</td><td>0.265</td><td>0.126</td><td>0.105</td><td>0.046</td><td>-0.103</td><td>1</td><td>0.384</td><td>-0.074</td><td>-0.035</td></tr>
<tr><td style="text-align:left">ssc</td><td>0.351</td><td>0.129</td><td>-0.140</td><td>0.147</td><td>0.026</td><td>0.384</td><td>1</td><td>0.141</td><td>0.045</td></tr>
<tr><td style="text-align:left">agility2</td><td>0.037</td><td>0.229</td><td>0.065</td><td>0.416</td><td>0.321</td><td>-0.074</td><td>0.141</td><td>1</td><td>0.452</td></tr>
<tr><td style="text-align:left">outcome2</td><td>-0.028</td><td>0.078</td><td>0.022</td><td>0.320</td><td>0.293</td><td>-0.035</td><td>0.045</td><td>0.452</td><td>1</td></tr>
<tr><td colspan="10" style="border-bottom: 1px solid black"></td></tr></table>
