
% Table created by stargazer v.5.2.2 by Marek Hlavac, Harvard University. E-mail: hlavac at fas.harvard.edu
% Date and time: Sun, Mar 21, 2021 - 23:26:22
\begin{table}[!htbp] \centering 
  \caption{Correlation Coefficients: Key Variables} 
  \label{} 
\begin{tabular}{@{\extracolsep{5pt}} ccccccccc} 
\\[-1.8ex]\hline 
\hline \\[-1.8ex] 
 & sensing & sensing2 & proactive & proactive2 & flexOutcome & flexOutcome2 & speedOutcome & speedOutcome2 \\ 
\hline \\[-1.8ex] 
sensing & $1$ & $0.762$ & $0.647$ & $0.534$ & $0.373$ & $0.291$ & $0.325$ & $0.253$ \\ 
sensing2 & $0.762$ & $1$ & $0.504$ & $0.687$ & $0.308$ & $0.327$ & $0.292$ & $0.331$ \\ 
proactive & $0.647$ & $0.504$ & $1$ & $0.734$ & $0.404$ & $0.310$ & $0.381$ & $0.303$ \\ 
proactive2 & $0.534$ & $0.687$ & $0.734$ & $1$ & $0.336$ & $0.348$ & $0.334$ & $0.400$ \\ 
flexOutcome & $0.373$ & $0.308$ & $0.404$ & $0.336$ & $1$ & $0.441$ & $0.608$ & $0.268$ \\ 
flexOutcome2 & $0.291$ & $0.327$ & $0.310$ & $0.348$ & $0.441$ & $1$ & $0.243$ & $0.496$ \\ 
speedOutcome & $0.325$ & $0.292$ & $0.381$ & $0.334$ & $0.608$ & $0.243$ & $1$ & $0.439$ \\ 
speedOutcome2 & $0.253$ & $0.331$ & $0.303$ & $0.400$ & $0.268$ & $0.496$ & $0.439$ & $1$ \\ 
\hline \\[-1.8ex] 
\end{tabular} 
\end{table} 
